no of ids-595
-----------------
ids
273278761909239808
295152287901417472
334722003057647616
348204426659508226
351767344097398785
356268980211687424
356297080169447425
357299879070023680
357300409292959744
358591089462099968
364383457545162754
365056836476481537
365497016098369536
372489152903643136
376874273601630208
377002232257855488
377519445578895360
380055172896272384
386682163862986752
386998038004113409
387006553124896768
387006700609228801
387010299536355328
387041762331471872
387050178932654080
387220814531395584
387237225286479872
407161635439013888
407162181059612672
407163499723624449
407163869673443328
407164247768977409
407164597511393280
407169212428206080
407170170533064705
407170443443859456
407173794583695360
407176055657484289
407176873605865472
407181813174788096
407182194206322689
407182466613792768
407188779255222273
407189015582887936
407192126032986112
407192370040803329
407197672702214144
407205009676587009
407209222850756608
407209892013821952
407211258304552960
407212665350942720
407213757048160256
407217865973329920
407218583135997953
407231591191035904
407231740764508161
407232661107642368
407234399093022720
407248574099894272
407253554039386112
407254590363426816
407275991610818560
407279190913069056
427652211414274048
427662266993889280
436074888638763008
436089462326849536
436146437530075136
436157173161144321
436195672677953536
436215971272212480
445495350171013120
489796088338341888
489802446001434625
489816746405007360
489829414704648192
489833932813516800
489836271049928704
489841070818488320
489854703321509888
489865454312099840
489872500462190593
489874311143260160
489902412900343809
489968646014246912
489974591985840128
490141776984825856
491241885399539712
495305620342714369
495366618818830336
495583434954514432
497073936077959169
498280126254428160
499368931367608320
499530130487017472
499679379820412928
500270780832174080
500281094239817728
500281131057811456
500284699546517505
500290456845299714
500294803402137600
500298752469770240
500303431928922113
500308076004929537
500319675797209088
500319801344929795
500327120770301952
500332933098385408
500354773133299713
500363126294863876
500377145349521411
500378522788315137
500391222075076610
500413818368184321
501474962935648256
501774251901198336
503498696273965056
503609826128044032
503610065769598976
503714147138166784
504106473467944960
504109775358287872
504387128013246465
504419526998360064
504448356584677377
504450741126582275
504500863944376321
504652021601800193
504830161993609216
505657661120348163
506784541696991232
507261372313640961
509077805296914432
509084603617792001
509114008587100160
509464271118688257
509464457836511232
509473920060104704
510507736287961088
510906049549705216
510921017972514817
513015596879867904
513922322915282945
514039286845698048
514062859987595264
514067907475959808
514072132301910016
514081464171102208
514100169307348992
514106273852174337
514109888138842113
514142113601437696
514308277803294721
514429381737852929
514451906211893248
514478918636535808
514495841600811009
514512849876836352
514540926640087040
514546272972574721
514550436377137152
515538937058971648
515598200796090369
515717938025078784
516345893139001346
516358319317852160
516361247223058432
516371936604352513
516386101766782976
516395112201736192
516411927506206721
516420964834611201
516475930097643520
516539137646542848
516545908813475841
516804849619705859
517003426832453633
517034091028676608
517051126466625536
517053056211357696
517416417164263424
517850508380618752
518620083342835712
518827403452637184
518924377791164420
519112613800972288
519178213441167360
519348106836860929
519935535083565056
520132836594970625
520299904934371328
520630231531802624
521444489697583104
521496155310796800
521663202183348224
521727831307722753
521770744855134208
521777301470871553
521788572933062657
521789009576476673
521821037726797824
521835345059389440
522321383716818944
522553662996901888
522654603675176960
522684367647559681
522692223952228353
523123023646175233
523123779124600833
523126268603031552
523535962962280448
523558773345255424
523566838958284801
523655026485366784
523943647449198592
524152657783820288
524186749002473472
524211911668543488
524227209976745984
524289058290159616
524317344730869760
524586367456919552
524685073979678721
524881688825167872
524925033626738688
524925600318754816
524925730053181440
524928119955013632
524929106987991040
524930365400821761
524937542131793920
524947149134774272
524950264303075328
524962676665888769
524970097711267841
524972443308683264
524976106861236226
524976963862429697
524976980799000578
524981436252950528
524991067675189250
525024066152169473
525024181218725888
525032872647065600
525033697045925888
525040767317082113
525043936331857923
525077806401994754
525134787778850818
525300042207612928
525327108520673281
526757033186697216
527131140721623040
528240834660298753
528495998537334785
528607634099015680
528976109518721024
530943279161155584
531085761521528834
531131094276382720
531193369465470976
531206167302012929
531300385248800768
531530591427391488
531543620856197121
531606992788287489
531648145613398016
531676808836833280
531733274968989696
531833153145823233
532007252677656576
532197572698320896
532199717594497024
532203605236154368
532206910796468224
532255606623989760
532276693931945984
532284831783460864
532319110458118144
532928419051622400
533811170889568256
534205316620382208
534461459938304001
534543768653807618
534763214106820608
535252460148113409
535282587325833216
536105045545472000
536547921542791170
536558567206420480
536808074431184896
536826622725218304
536835346932441088
536871550184869888
536915851233202176
537377960471166976
537378640653475841
537913349338435584
537976883150077952
538129041539092480
538133250066366464
538256153080127489
538412662858588160
538729383662338049
538851683141304320
538861627018579968
538900739880665088
538930446814703616
539658034382123008
539799806039052288
539833716852273152
542423103834296323
542600886653292545
543319210659971073
543436472842334209
543586319168196608
544287209730236416
544333764814323713
544510450101415936
544512910538838016
544514570367168512
544523550519218176
544939287222165506
547587399728267264
547807913671405568
549920761423863808
549927969032916993
549998575330275330
550003619303788545
550279538278543360
550284252672450560
551099691702956032
551103664124100608
551117430345711616
551135925862805504
551159366876147714
552677176873455616
553008832784642048
553040930144792576
553098571323437056
553103772852191233
553136604882014208
553190393370923008
553212962044149761
553228463998783488
553271856786968576
553461741917863936
553474188259102720
553505242554175489
553538058440941568
553548567420628992
553549686129561600
553550301886955520
553579224402235393
553960736964476928
554343513887105024
554886875303780352
555072815154475008
556541489388724224
556873675941896193
557621135320178688
560474897013415936
560873850846846978
561280944045576192
561952533942661120
562387516964491265
563117355254161408
563123548857053184
565999191982616577
566999951449001984
568568737621630977
570405783306944514
576829262927413248
580320684305416192
580325090367315968
616686132387028992
633397936563560449
640118021101604864
650254360727973889
651044059222556674
651809229842608128
652349108653551616
653285570383335424
655432919595548672
655812191233417216
655815788675399680
661184793342775296
665302351742275584
665317131597291520
674713782778654721
675434959939756032
676970570160988160
678277910537588737
678733118648524800
682548344690970624
683158807959089152
683731779342188545
684118654418419712
686493272806576128
686527768327274497
686701278785843200
687631811560763392
687673284436082689
687734662249246724
687766167558164481
687786822475366401
687911282922631168
687956181646753792
688027085730897921
688110059553861634
688281442162352128
688441130271289350
688757736310484994
688763099298529280
689208632148365314
689214940679409664
689236842454106113
689549346875031552
689694470779097088
689719109785907200
689798164287741953
689833530197671936
690137637810761728
690145844318834689
690174644071047168
690670464440504320
690915657106526208
690954487322796032
691006265137299456
691064699853606913
691351064868732928
691380138710306816
691600834707247104
691616143161819136
691791477912014850
691976624665919488
692004901455556608
692023417575448576
692024256520179712
692031224227958789
692063305297453060
692082337333534720
692105324111761408
692142338890661888
692190570140340229
692332739824095234
692336523090509824
692357775859564544
692376812022792196
692405195796529152
692423131726749697
692453106622275585
692528931459694592
692688891174739968
692709993573789701
692727606718824448
692746621218656258
692747901815119872
692748204064927745
692759090469212160
692780496590254081
692812029611089920
692816955837804544
692838349036326912
692892472729415680
692922211338981377
692924229017309184
692927739066740741
693056396250652672
693083689098477568
693102023764492288
693102420688121856
693116426824093696
693123067204243456
693125234317086720
693126696132804608
693139276708585472
693140568143220736
693160939802214400
693185488644149248
693198912660885505
693204483501887488
693204708933160960
693217698482933760
693236688538243074
693272659447119873
693284114724700160
693355140284334081
693411834808946688
693452449173086210
693476901772513280
693481256735150082
693484841011060737
693485676881403905
693490132440129536
693492159635443714
693523133920342016
693524179597955072
693554344298467328
693594331735683072
693595814401327104
693600369281253376
693658242044542976
693662456393134080
693670046497935361
693673606279229440
693676692309700609
693686290408181760
693696168908423168
693711272014155776
693792605755285504
693795905049329664
693802524579618816
693803472806760448
693824042164436992
693830499047989248
693853982293254144
693855615618322432
693873151659249669
693912520923295745
693926742814281729
693934062445187072
697992796565741569
701539698452393986
703234354579898368
705093513076015104
706665777332621314
707300612862566400
707308274270539777
707332312724283392
707420972173955072
711994705333112832
714531423273746432
714555825122107392
715253497462145024
715268937873760256
715515982584881152
716092408920936448
716448280201269248
716451800581279744
716461257025581056
722885778448121857
723772395211862016
724348906096590849
724624672604610562
726086935903494144
727623131494387714
727966590084485120
727982226290442240
728101712762834944
728273551883534336
728631482722308096
730516765525082112
732004388181434368
733242244522725376
742050150307246080
745365403237376000
747275598347837440
747443219487678464
748543642323783681
755447443009916929
759653274605740032
760928376668454912
761027420849745920
761381302260031489
761675705956655109
762775964224847872
763404633217835009
763896522790440960
764158239089029120
764473554431725568
764505291853627392
764753085675761664
765631087867367426
765863022506151937
765887221736046592
765934198297362432
766299560415223808
766299795833102336
766452700049473536
766638613320859648
766719302401613825
767154835993063425
767223774072676354
767355611277168642
767482587879051265
767580827513397252
767710245779103744
767715524222578688
767823175480647681
778299287293816832
778572032531427332
780882510645370880